WARNING:ChipWhisperer NAEUSB:Your firmware is outdated - latest is 0.52. Suggested to update firmware, as you may experience errors
See https://chipwhisperer.readthedocs.io/en/latest/api.html#firmware-update
Detected known STMF32: STM32F04xxx
Extended erase (0x44), this can take ten seconds or more
Attempting to program 5563 bytes at 0x8000000
STM32F Programming flash...
STM32F Reading flash...
Verified flash OK, 5563 bytes
[0, 0, 194, 0, 131, 221, 98, 235, 235, 146, 242, 74, 140, 0, 203, 90]
Detected known STMF32: STM32F04xxx
Extended erase (0x44), this can take ten seconds or more
Attempting to program 5259 bytes at 0x8000000
STM32F Programming flash...
STM32F Reading flash...
Verified flash OK, 5259 bytes
[0, 0, 0, 0, 0, 0, 0, 0, 0, 0, 0, 0, 0, 0, 0, 0]
Detected known STMF32: STM32F04xxx
Extended erase (0x44), this can take ten seconds or more
Attempting to program 5275 bytes at 0x8000000
STM32F Programming flash...
STM32F Reading flash...
Verified flash OK, 5275 bytes
[98, 245, 8, 8, 8, 139, 165, 165, 207, 230, 230, 25, 65, 175, 175, 193]
7500000.0
43
87
124
161
198
235
272
309
388
425
462
532
569
606
652
689
759
796
866
1011
1147
1184
1263
1333
1436
1515
1585
1655
1692
1762
1874
1911
1981
2018
2097
2233
2270
2307
2386
2423
2460
2497
2534
2571
2608
2687
2790
3100
3137
3207
3253
3356
3393
3463
3500
3546
3823
3860
3930
3967
4070
4149
4186
4256
4326
4438
4508
4578
4615
4652
4749
4799
4806
4892
4959
5004
5049
5094
5139
5184
5229
5274
5319
5364
5409
5454
5499
5544
5589
5634
5679
5724
5769
5814
5859
5904
5949
5994
98
54
91
128
165
202
239
276
313
359
396
433
470
507
544
581
618
664
701
738
775
812
849
886
923
969
1006
1043
1080
1117
1154
1191
1228
1274
1311
1348
1385
1422
1459
1496
1533
1579
1616
1653
1690
1727
1764
1801
1838
1884
1921
1958
1995
2032
2069
2106
2143
2189
2226
2263
2300
2337
2374
2411
2448
2494
2531
2568
2605
2642
2679
2716
2753
2799
2836
2873
2910
2947
2984
3021
3058
3104
3141
3178
3215
3252
3289
3326
3363
3409
3446
3483
3520
3557
3594
3631
3668
3714
3751
3788
3825
3862
3899
3936
3973
4019
4056
4093
4130
4167
4204
4241
4278
4324
4361
4398
4435
4472
4509
4546
4583
4629
4666
4703
4740
4777
4814
4851
4888
4985
5035
5128
5195
5240
5285
5330
5375
5420
5465
5510
5555
5600
5645
5690
5735
5780
5825
5870
5915
5960
149
4473
4523
4616
4683
4728
4773
4818
4863
4908
4953
4998
5043
5088
5133
5178
5223
5268
5313
5358
5403
5448
5493
5538
5583
5628
5673
5718
5763
5808
5853
5898
5943
5988
33